recall:0.8376529877609791
f1:0.8357960863023164
accuracy:0.8376529877609791
[data]
sequence_max_len = 512
embedding_dim = 512

[CNN]
learning_rate = 0.001
batch_size = 64
epoch = 30

[LSTM]
learning_rate = 0.001
batch_size = 64
epoch = 60

