recall:0.8286537077033838
f1:0.8247631645185161
accuracy:0.8286537077033838
[data]
sequence_max_len = 512
embedding_dim = 512

[CNN]
learning_rate = 0.001
batch_size = 256
epoch = 16

[LSTM]
learning_rate = 0.001
batch_size = 64
epoch = 60

[API_phrases]
learning_rate = 0.001
batch_size = 256
epoch = 128

