recall:0.7503720238095238
f1:0.716652833241499
accuracy:0.7503720238095238
[data]
sequence_max_len = 512
embedding_dim = 512

[CNN]
learning_rate = 0.001
batch_size = 128
epoch = 32

[LSTM]
learning_rate = 0.001
batch_size = 64
epoch = 60

[API_phrases]
learning_rate = 0.001
batch_size = 256
epoch = 128

[VAE-GAN]
learning_rate_autoencoder = 0.001
learning_rate_cla = 0.001
batch_size = 128
epoch_autoencoder = 5
epoch_cla = 5
dim_h = 128
latent_size = 8
sigma = 1
lambda = 10

