recall:0.8077753779697624
f1:0.8028154244829641
accuracy:0.8077753779697624
[data]
sequence_max_len = 512
embedding_dim = 512

[CNN]
learning_rate = 0.005
batch_size = 64
epoch = 120

