recall:0.7613390928725702
f1:0.7195209776573274
accuracy:0.7613390928725702
[data]
sequence_max_len = 512
embedding_dim = 512

[CNN]
learning_rate = 0.001
batch_size = 64
epoch = 30

[LSTM]
learning_rate = 0.001
batch_size = 64
epoch = 60

[API_phrases]
learning_rate = 0.001
batch_size = 64
epoch = 60

