recall:0.8077753779697624
f1:0.8096635674155573
accuracy:0.8077753779697624
[data]
sequence_max_len = 512
embedding_dim = 512

[CNN]
learning_rate = 0.001
batch_size = 128
epoch = 32

[LSTM]
learning_rate = 0.001
batch_size = 64
epoch = 60

[API_phrases]
learning_rate = 0.001
batch_size = 256
epoch = 128

