recall:0.8095752339812815
f1:0.8051180335927989
accuracy:0.8095752339812815
[data]
sequence_max_len = 512
embedding_dim = 512

[CNN]
learning_rate = 0.005
batch_size = 64
epoch = 30

