recall:0.8315334773218143
f1:0.8306228850640655
accuracy:0.8315334773218143
[data]
sequence_max_len = 512
embedding_dim = 512

[CNN]
learning_rate = 0.001
batch_size = 64
epoch = 30

[LSTM]
learning_rate = 0.001
batch_size = 16
epoch = 30

