recall:0.7688984881209503
f1:0.7512079916866305
accuracy:0.7688984881209503
[data]
sequence_max_len = 512
embedding_dim = 512

[CNN]
learning_rate = 0.005
batch_size = 1
epoch = 1

