recall:0.8411458333333334
f1:0.8416453581514582
accuracy:0.8411458333333334
[data]
sequence_max_len = 512
embedding_dim = 512

[CNN]
learning_rate = 0.001
batch_size = 128
epoch = 32

[LSTM]
learning_rate = 0.001
batch_size = 64
epoch = 60

[API_phrases]
learning_rate = 0.001
batch_size = 256
epoch = 128

[VAE-GAN]
learning_rate_autoencoder = 0.005
learning_rate_cla = 0.005
batch_size = 128
epoch_autoencoder = 64
epoch_cla = 64
dim_h = 128
latent_size = 8
sigma = 1
lambda = 10

